0 0.254715 0.166905 0.167494 0.166367
0 0.426674 0.166010 0.150123 0.164579
0 0.590074 0.166548 0.147890 0.161002
0 0.749752 0.167531 0.157568 0.158319
0 0.269852 0.333810 0.152606 0.146691
0 0.428784 0.335688 0.141439 0.145795
0 0.582382 0.333900 0.138958 0.142219
0 0.730769 0.338103 0.138958 0.141323
0 0.270595 0.552505 0.147642 0.142219
0 0.259305 0.715474 0.163771 0.156530
0 0.428040 0.711807 0.146403 0.153847
0 0.590695 0.709123 0.142681 0.148479
0 0.742927 0.708677 0.143919 0.147586
0 0.434616 0.551610 0.140200 0.140430
0 0.584987 0.549821 0.137716 0.136851
0 0.733374 0.551252 0.137716 0.135063