0 0.265013 0.138014 0.233252 0.145795
0 0.271465 0.278980 0.233252 0.120751
0 0.280397 0.416727 0.238213 0.117174
0 0.517369 0.410823 0.196029 0.110019
0 0.508932 0.282379 0.198510 0.113595
0 0.497271 0.158319 0.200994 0.130591
0 0.697766 0.171109 0.176177 0.118963
0 0.701489 0.282558 0.183623 0.104651
0 0.710669 0.406798 0.176177 0.101967
0 0.294913 0.578980 0.222084 0.120751
0 0.305831 0.710017 0.224565 0.127012
0 0.312903 0.830680 0.225806 0.140430
0 0.517990 0.562880 0.197271 0.111807
0 0.715756 0.549910 0.179900 0.109123
0 0.526923 0.688730 0.202232 0.121647
0 0.722332 0.668873 0.173697 0.114491
0 0.540447 0.800179 0.203474 0.130591
0 0.733250 0.777638 0.176177 0.118067